1.0 126000.0 0.010913 0.680686
1.193777 151000.0 0.011288 0.707879
1.425103 181000.0 0.011517 0.721579
1.701254 217000.0 0.011701 0.742256
2.030918 260000.0 0.013577 0.891112
2.424462 312000.0 0.013521 0.883865
2.894266 375000.0 0.010465 0.647088
3.455107 450000.0 0.013652 0.891112
4.124626 541000.0 0.014271 0.949632
4.923883 652000.0 0.008816 0.5236
5.878016 785000.0 0.013864 0.912943
7.017038 949000.0 0.007897 0.461435
8.376776 1148000.0 0.012237 0.777052
10.0 1394000.0 0.007679 0.437152
11.937766 1697000.0 0.007118 0.401378
14.251027 2073000.0 0.010368 0.640422
17.012543 2544000.0 0.009075 0.542641
20.309176 3137000.0 0.01048 0.653772
24.24462 3891000.0 0.008341 0.486055
28.942661 4858000.0 0.007837 0.449251
34.551073 6113000.0 0.004642 0.235471
41.246264 7756000.0 0.004153 0.205212
49.238826 9931000.0 0.005881 0.321122
58.780161 12844000.0 0.00505 0.266778
70.170383 16796000.0 0.005282 0.277435
83.767764 22241000.0 0.00459 0.235471
100.0 29955000.0 0.003022 0.139112
119.377664 41110000.0 0.002368 0.104557
142.510267 57463000.0 0.002332 0.096332
170.125428 81728000.0 0.002048 0.088287
203.091762 118115000.0 0.001669 0.065303
242.446202 172689000.0 0.001416 0.051043
289.426612 252036000.0 0.000828 0.025594
345.510729 358833000.0 0.001267 0.044269
412.462638 492608000.0 0.001129 0.037755
492.388263 654292000.0 0.000796 0.025594
587.801607 847854000.0 0.00078 0.025594
701.703829 4999998000.0 40.534324 7050.034489
837.67764 4999998000.0 173.535065 32013.62
