1.0 34000.0 0.028668 2.670789
1.193777 40000.0 0.051673 5.380375
1.425103 49000.0 0.02933 2.748279
1.701254 58000.0 0.050777 5.264923
2.030918 70000.0 0.042821 4.299821
2.424462 84000.0 0.043123 4.343567
2.894266 101000.0 0.036933 3.615983
3.455107 121000.0 0.039245 3.890071
4.124626 145000.0 0.04093 4.082833
4.923883 174000.0 0.036737 3.595116
5.878016 208000.0 0.052697 5.496475
7.017038 250000.0 0.040033 3.975444
8.376776 300000.0 0.03731 3.65781
10.0 360000.0 0.038238 3.762922
11.937766 432000.0 0.046992 4.809732
14.251027 520000.0 0.029001 2.709462
17.012543 625000.0 0.043516 4.387428
20.309176 753000.0 0.042751 4.299821
24.24462 909000.0 0.038971 3.847566
28.942661 1100000.0 0.03026 2.845946
34.551073 1334000.0 0.028041 2.60346
41.246264 1622000.0 0.037779 3.710269
49.238826 1980000.0 0.035926 3.491256
58.780161 2427000.0 0.027916 2.593879
70.170383 2989000.0 0.024474 2.218329
83.767764 3701000.0 0.022468 2.000538
100.0 4612000.0 0.02347 2.108702
119.377664 5790000.0 0.028608 2.670789
142.510267 7330000.0 0.01769 1.499645
170.125428 9362000.0 0.023696 2.126873
203.091762 12076000.0 0.014929 1.224391
242.446202 15744000.0 0.012267 0.964412
289.426612 20776000.0 0.009273 0.680686
345.510729 27851000.0 0.008078 0.574765
412.462638 38047000.0 0.007206 0.498489
492.388263 52955000.0 0.008134 0.581247
587.801607 75033000.0 0.004727 0.299071
701.703829 108149000.0 0.004011 0.245793
837.67764 157953000.0 0.004418 0.277435
1000.0 231269000.0 0.003276 0.185656
